54807714Z  5817   302              638848 32621743624484423517 69160312170511193952                        000000000000000000111111111111111111111111222222222222222222222222     01                                                          721      0  Kiran                                                 0      368579 25                     00000                        AA


94807799Y  9610   832              945447 10849634855260457385 27240263251963126456                        000000000000000000111111111111111111111111222222222222222222222222     01                                                          784      0  Kiran                                                 0      303992 25                     00000                        AA


77253852J  7168   266              110602 92364496696977844589 45407202613914862712                        000000000000000000111111111111111111111111222222222222222222222222     01                                                          135      0  Amar                                                 0      944530 25                     00000                        AA


69282197E  1085   170              734620 14094473758371191196 95916268254336913412                        000000000000000000111111111111111111111111222222222222222222222222     01                                                          627      0  Ravi                                                 0      432588 25                     00000                        AA


98127118D  9680   218              877480 90909175054548725836 96776600548382016039                        000000000000000000111111111111111111111111222222222222222222222222     01                                                          937      0  John                                                 0      759526 25                     00000                        AA


39323404Y  7246   542              654910 66400913021346545883 31302632778920185484                        000000000000000000111111111111111111111111222222222222222222222222     01                                                          176      0  John                                                 0      654832 25                     00000                        AA


72530414C  3764   483              904645 10638936091680637382 61680451753413765368                        000000000000000000111111111111111111111111222222222222222222222222     01                                                          745      0  Sita                                                 0      534161 25                     00000                        AA


23800568M  5099   338              408193 61129081473141729842 07985787284984376776                        000000000000000000111111111111111111111111222222222222222222222222     01                                                          902      0  Sita                                                 0      860355 25                     00000                        AA


47803919D  1081   887              677739 78806310382360484078 79755845838141495366                        000000000000000000111111111111111111111111222222222222222222222222     01                                                          505      0  Amar                                                 0      111318 25                     00000                        AA


73953049P  3300   874              440609 61587714432694451581 74984879696242106957                        000000000000000000111111111111111111111111222222222222222222222222     01                                                          280      0  Sita                                                 0      897974 25                     00000                        AA
